ZekeSet
HiddenFlashEntry 
0100 3183 2186 0187 0126 0621 0000 0001
FlashEntry
0110 0100 0011 0010 0012 0101 0203 0102 0202 0103 0220 0200 0022 0020 0222 0001

0110 0100 0011 0010 0012 0102 0202 0212 0201 0104 0
Flashinit
0106 0203 0303 0201 0602 0102 0401 0506 0106 0101 0001
FlashStart
0205 0302 0262 0368 0181 0204 0111 0226 0868 0260 0022 0086 0042 0068 0091 0038
0013 0628 0708 0996 0886 0701 0001
FlashWrite
0602 0206 0103 0104 0501 0601 0701 0802 0903 0773 0553 0101 0100 0001
FlashGets and Resets
0616 0712 0806 0512 0268 0102 0304 0402 0602 0908 0702 0208 0606 0101 0001
Wait...
0001 0000 0000 0000 0000
ProctoredZekeSets
0602 0803 0906 0811 0302 0308 0996 0881 0001
Installs
0601 0206 0809 0702 0558 0663 0772 0881 
0998 0111 0821 0718 0663 0898 0112 0001

Unsets
0002 0003 0004 0005 0006 0007 0008 0009
0102 0203 0304 0405 0506 0607 0708 0809
0901 0807 0603 0504 0406 0301 0908 0601
0203 0106 0709 0805 0504 0608 0902 0108
0909 0806 0704 0808 0201 0103 0407 0801
0203 0905 0601 0202 0507 0804 0505 0204
0889 0668 0206 0706 0802 0308 0207 0502
0001

Zeke Checks Duty Selects
0010 0011 0100 0111 0202 0301 0105 0201 

0202 0201 0103



0202 0201 0104 0301
0204 0402 0102 0105
0101 0303 0401 0103
0001

0301 0202
0205 0101 0102 0201 0402 0101
0
0103 0204 0102 0104 0201 0205
0101 010

 0803 0804 0508 0608 
0708 0908 0118 0901 0201 0202 0302 0102 
0301 0102 0302 0203 0301 0202 0101 0000 
0001

Zeke Media Duty Check
0101 0102 0301 0203 0302 0103 0303 0403
0202 0106 0801 0201 0001

Zeke Selected Work Checks 
0110 0111 0101 0100 0010 0001 0000 6530 
0353 0686 0856 0851 0108 0601 0102 0001
0363 0464 0356 0563 0228 0101 0001

Zeke Media Fast Check
0728 0618 0218 0712 0363 0793 0839 0679 0483
0981 0768 0318 0268 0168 0278 0693 0873 0229
0566 0262 0368 0569 0838 0273 0593 0867 0563 
0892 0639 0729 0839 0951 0726 0598 0468 0362
0918 0636 0729 0543 0293 0343 0798 0968 0121
0363 0226 0789 0936 0728 0181 0828 0612 0839
0671 0186 0232 0162 0698 0892 0151 0820 0082
0800 0880 0008 0201 0200 0020 0001

Zeke Selects Duty Checks
0101 0102 0301 0202 0101 0106 0302 0104 0402
0100 0001 0000 0000 0000 0000 0102 0201 0303
0302 0105 0206 0103 0202 0302 0101 0102 0301 
0151 0201 0363 0152 0181 0102 0103 0302 0183 
0401 0501 0603 0702 0108 0901 0203 
0000 0000 0000 0000 0001

Duty Selects Check Sets 01
0108 0601 0222 0111 0661 0889 0001

Zeke Media Fast Check
6181 6183 0102 0203 0101 0604 0103 0105 0201
0111 0100 0010 0001 0000 0000 0000 0000 
0618 0218 0712 0363 0793 0839 0679 0483
0981 0768 0318 0268 0168 0278 0693 0873 0229
0566 0262 0368 0569 0838 0273 0593 0867 0563 
0892 0639 0729 0839 0951 0726 0598 0468 0362
0918 0636 0729 0543 0293 0343 0798 0968 0121
0363 0226 0789 0936 0728 0181 0828 0612 0839
0671 0186 0232 0162 0698 0892 0151 0820 0082
0800 0880 0008 0201 0200 0020 0001

Zeke Selects Check Sets
0446 0889 0601 0228 0909 0806 0526 0881 0908 0206
0701 0886 0991 0002 0001 0000 0000 0000 1110 0000
0001
Zeke Selects Execute Sets
0601 0221 0989 0682 0001
SetSetStartStop
0010 0110 0111 0100 0101 0000 0000 0000 0443 0001
EXECUTE
0906
RESTRICTED
	THE NAME OF THE PROGRAM IS RESTRICTED
	THE AUTHOR OF THE PROGRAM IS ZEKE ORTIZ
	THE FUNCTION OF THE AUTHOR IS RESTRICTED
	NOT PERMISSIBLE
	NOT PERMITABLE
	NOT ALLOWED
	NOT TRUSTED
