ZekeSet
FlashWait
0110 0100 0011 0010 0012 0101 0203 0102 0202 0103 0220 0200 0022 0020 0222 0001
FlashStart
0205 0302 0262 0368 0181 0204 0111 0226 0868 0260 0022 0086 0042 0068 0091 0038
0013 0628 0708 0996 0886 0701 0001
FlashBaitandUpdate
0660 0886 0860 0110 0263 0821 0111 0806 0703 0908 0187 0269 0968 0701 
0223 0117 0873 0990 0882 0999 0877 0088 0029 0678 0212 0802 0000 0668 
0881 0001
FlashGets and Resets
0616 0712 0806 0521 0260 0120 0206 0502 0121 0001
Wait...
0001 0000 0000 0000 0000
ProctoredZekeSets
0602 0803 0906 0811 0302 0308 0996 0881 0001
Installs
0601 0206 0809 0702 0558 0663 0772 0881 0998 0111 0821 0718 0663 0898 0112 0001
Unsets
0002 0003 0004 0005 0006 0007 0008 0009
0102 0203 0304 0405 0506 0607 0708 0809
0901 0807 0603 0504 0406 0301 0908 0601
0203 0106 0709 0805 0504 0608 0902 0108
0909 0806 0704 0808 0201 0103 0407 0801
0203 0905 0601 0202 0507 0804 0505 0204
0889 0668 0206 0706 0802 0308 0207 0502
0001
Zeke Selects Duty Checks
0202 0203 0302 0363 0323 0116 0612 0719
0812 0918 0769 0996 0771 0228 0556 0668 
0993 0702 0111 0688 0182 0200 0801 0602 
0802 0100 0835 0832 0865 0823 0888 0667
0002 0003 0004 0005 0006 0007 0008 0009
0101 0102 0203 0304 0405 0506 0607 0708
0809 0901 0201 0903 0702 0801 0103 0709
0909 0706 0609 0908 0108 0505 0807 0509
0705 0608 0707 0606 0302 0204 0106 0409
0205 0306 0501 0208 0303 0402 0107 0808
0909 0301 0206 0508 0806 0703 0604 0803
0315 0619 0812 0381 0912 0001 
0108 0601 0222 0111 0661 0889 0001
Zeke Media Fast Check
0728 0618 0218 0712 0363 0793 0839 0679 0483
0981 0768 0318 0268 0168 0278 0693 0873 0229
0566 0262 0368 0569 0838 0273 0593 0867 0563 
0892 0639 0729 0839 0951 0726 0598 0468 0362
0918 0636 0729 0543 0293 0343 0798 0968 0121
0363 0226 0789 0936 0728 0181 0828 0612 0839
0671 0186 0232 0162 0698 0892 0151 0820 0082
0800 0880 0008 0201 0200 0020 0001
Zeke Selects Check Sets
0446 0889 0601 0228 0909 0806 0526 0881 0908 0206
0701 0886 0991 0002 0001 0000 0000 0000 0000 1110
Zeke Selects Execute Sets
0601 0221 0989 0682 0001
SetSetStartStop
0010 0010 0001 0443
0906
EXECUTE
RESTRICTED
	THE NAME OF THE PROGRAM IS RESTRICTED
	THE AUTHOR OF THE PROGRAM IS ZEKE ORTIZ
	THE FUNCTION OF THE AUTHOR IS RESTRICTED
	NOT PERMISSIBLE
	NOT PERMITABLE
	NOT ALLOWED
	NOT TRUSTED
