.LLQBL
OFF MEDIA FAST LOADER
ZEKE MEDIA FAST CHECK
ZEKE MEDIA CYCLES SELECT
OFF MEDIA FAST CHECK
ON/OFF
ZEKE CHECKS DUTY SELECTS
ZEKE SELECTS MEDIA CHECKS
0001 0000 0000 0000
0906 
FLASHWRITE


Zekes Media Fast Check
0728 0618 0218 0712 0363 0793 0839 0679 0483
0981 0768 0318 0268 0168 0278 0693 0873 0229
0566 0262 0368 0569 0838 0273 0593 0867 0563 
0892 0639 0729 0839 0951 0726 0598 0468 0362
0918 0636 0729 0543 0293 0343 0798 0968 0121
0363 0226 0789 0936 0728 0181 0828 0612 0839
0671 0186 0232 0162 0698 0892 0151 0820 0082
0800 0880 0008 0201 0200 0020 0001

Zekes Media Duty Cycle
0202 0203 0302 0363 0323 0116 0612 0719
0812 0918 0769 0996 0771 0228 0556 0668 
0993 0702 0111 0688 0182 0200 0801 0602 
0802 0100 0835 0832 0865 0823 0888 0667
0002 0003 0004 0005 0006 0007 0008 0009
0101 0102 0203 0304 0405 0506 0607 0708
0809 0901 0201 0903 0702 0801 0103 0709
0909 0706 0609 0908 0108 0505 0807 0509
0705 0608 0707 0606 0302 0204 0106 0409
0205 0306 0501 0208 0303 0402 0107 0808
0909 0301 0206 0508 0806 0703 0604 0803
0315 0619 0812 0381 0912 0001

Zekes Boot Media Start Select

0302 0306 0201 0101 0202 0110 0203 0405
0705 0802 0709 0908 0603 0504 0100 0203
0806 0608 0702 0908 0606 0708 0901 0020
0001



Zekes Memory Cycles Check
0609 0702 0308 0906 0102 0103 0202 0101
0809 0608 0702 0806 0768 0876 0889 0998
0669 0909 0104 0503 0607 0902 0105 0111
0613 0506 0809 0221 0112 0020 0000 0001

